
============================== Base_model: r2plus1d_multiclass ==============================
arguments: Namespace(device='mps', batch_size=2, epochs=20, lr=0.0001, start_epoch=1, layers=['layer3', 'layer4', 'fc'], resume=None, num_workers=0, annotation_path='dataset/annotation_dict.json', augmented_path='dataset/augmented_annotation_dict.json', video_dir='dataset/examples/', augmented_dir='dataset/examples/', model_dir='model_checkpoints/r2plus1d_v3/', history_path='histories/history_r2plus1d_v3.txt', save_best_only=False, base_model_name='r2plus1d_multiclass', model_path='model_checkpoints/r2plus1d_v3/')

checkpoint name: r2plus1d_multiclass_1_0.0001 
train loss: 1.13944 || train accuracy: 0.6131 || train f1: 0.6131 || train precision: 0.6131 || train recall: 0.6131
[[ 238    6   52   12   23   54   53    0   44  220]
 [  30   79   57  144    5  167   43    1   44  173]
 [   9    0 2893  139    2   22  111    0   21  904]
 [   4   15  304 1657    1  134   69    0   28  236]
 [  90   18   11   20   32   54    3    0   19   72]
 [  47   37   99  243   15  729  108    2  159  253]
 [  39    6  187   88    1   69 1200    0  396  734]
 [   8    0   44   18    0   27   66    4   92  222]
 [  18    5   24   13    3   76  210    1 2825 1357]
 [  35   10  617   93    3   74  295    4  832 6259]]
val loss: 1.00345 || val accuracy: 0.68343 || val f1: 0.68343 || val precision: 0.68343 || val recall: 0.68343
[[ 176    2    7    1    0    5   16    0    2    2]
 [  37   70   17   40    2   14    7    4    1   10]
 [  55    2 1088    7    0    2   21    0    1   73]
 [   2   19   77  580    0   13    9    0    0   11]
 [  55    6    0    5    1    3    0    0    0    0]
 [  89   53   16   49    2  200   10    2    3    8]
 [  36    1   31   17    0   11  510   15   43   53]
 [  32    2   14    2    0    0   33   52    7   21]
 [  54   12   16   13    0   11  144   27  914  144]
 [  93   10  311   13    0   10  178   23  211 1478]]

checkpoint name: r2plus1d_multiclass_2_0.0001 
train loss: 0.77342 || train accuracy: 0.73424 || train f1: 0.73424 || train precision: 0.73424 || train recall: 0.73424
[[ 426   13   18    3   37   44   56    2   22   81]
 [  41  246   38  123   22  156   22    5   23   67]
 [  16    6 3369   65    0   23   68    1    1  552]
 [   1   39  153 2005    3   94   55    4    6   88]
 [ 101   36    5    6   98   47    2    0    7   17]
 [  62   66   69  151   20 1109   57    6   65   87]
 [  42    6   58   45    0   45 1720   13  295  496]
 [   9    6   17   12    0   16   53   72   99  197]
 [  15   14    5    5    0   38  232   13 3310  900]
 [  40   10  409   45    3   48  292   18  651 6706]]
val loss: 0.77091 || val accuracy: 0.74747 || val f1: 0.74747 || val precision: 0.74747 || val recall: 0.74747
[[  95    2    9    0   71    6   11    2    4   11]
 [   4   93    4   32   24   23    2    2    4   14]
 [   7   11 1022   11   10    2   28    5    0  153]
 [   0   29   26  616    7   11   10    0    0   12]
 [   1    4    0    2   61    1    0    0    1    0]
 [  10   32   12   35   48  241   13    9   12   20]
 [   9    9   12   19    3    8  431   14   83  129]
 [   5    2    5    1    2    1   13   74   17   43]
 [   2    8    2    8    4    2   53    9  958  289]
 [  10   13  105   18    2    3   90   19  114 1953]]

checkpoint name: r2plus1d_multiclass_3_0.0001 
train loss: 0.59647 || train accuracy: 0.79465 || train f1: 0.79465 || train precision: 0.79465 || train recall: 0.79465
[[ 496    7   14    1   33   32   48    6   15   50]
 [  20  361   34  104   25  116   12    3   24   44]
 [  11    7 3575   41    1    7   42    8    0  409]
 [   1   40   82 2161    1   81   27    3    3   49]
 [  75   25    2    5  165   34    1    0    4    8]
 [  32   80   41  114   36 1269   24   13   35   48]
 [  40   11   46   27    2   23 1937   23  225  386]
 [   4    5    8   10    0    9   36  203   64  142]
 [  16   14    4    2    3   23  176   29 3539  726]
 [  28   21  330   28    1   41  257   38  555 6923]]
val loss: 0.68576 || val accuracy: 0.77538 || val f1: 0.77538 || val precision: 0.77538 || val recall: 0.77538
[[ 162    4    9    0    2    1   21    2    3    7]
 [   5  109    7   33    7   18    5    1    6   11]
 [   7   17  989   26    0    3   32    4    4  167]
 [   0   16   13  646    2    2   19    1    2   10]
 [  19    5    0    3   38    5    0    0    0    0]
 [  28   40    7   69   12  224   16    5    9   22]
 [  13    3    3    6    0    6  469    6  118   93]
 [   3    2    3    0    0    0   27   88   17   23]
 [   9    6    0    0    0    2   35   11 1088  184]
 [  16   10   68   10    0    0   72   18  195 1938]]

checkpoint name: r2plus1d_multiclass_4_0.0001 
train loss: 0.43477 || train accuracy: 0.8522 || train f1: 0.8522 || train precision: 0.8522 || train recall: 0.8522
[[ 554   11    8    1   39   22   25    2   11   29]
 [   8  504   13   68   19   81    8    6   11   25]
 [   1    3 3763   33    0   10   26    4    0  261]
 [   1   32   45 2267    1   47   24    4    2   25]
 [  67   19    0    3  188   31    0    0    3    8]
 [  21   75   24   84   34 1376   17    9   19   33]
 [  23    5   19   20    0   12 2180   14  171  276]
 [   4    4    6    4    0    7   25  296   45   90]
 [  14   11    1    3    0   14  139   26 3751  573]
 [  17    9  217   13    2   20  201   34  465 7244]]
val loss: 0.76381 || val accuracy: 0.76824 || val f1: 0.76824 || val precision: 0.76824 || val recall: 0.76824
[[ 163    1    4    0    3    2   24    7    3    4]
 [   8   94    3   32    7   31    9    2    6   10]
 [   9    2 1014   18    0    3   53   10    5  135]
 [   1    8   11  655    1   11   12    4    1    7]
 [  17    3    0    1   43    4    0    0    1    1]
 [  22   14    7   42   14  286   11    9   11   16]
 [  14    0    1    5    0    4  568   13   61   51]
 [   4    1    3    0    0    0   16  106   17   16]
 [  12    2    0    3    1    4  104   20 1108   81]
 [  23    5   78    5    0    2  167   36  350 1661]]

checkpoint name: r2plus1d_multiclass_5_0.0001 
train loss: 0.29372 || train accuracy: 0.90243 || train f1: 0.90243 || train precision: 0.90243 || train recall: 0.90243
[[ 585    9    6    1   25   12   24    4   11   25]
 [   9  580    9   45   17   57    5    4    7   10]
 [   2    2 3893   18    0    4   11    1    1  169]
 [   1   24   29 2325    1   40    6    4    3   15]
 [  44   18    0    0  229   21    0    0    3    4]
 [  14   40   16   50   12 1519    9   10   10   12]
 [  13    3   11   13    0    7 2391   11  119  152]
 [   3    2    7    6    0    8   22  368   24   41]
 [   8    6    1    2    2    6   98   14 3997  398]
 [  10    5  145    8    0   10  138   20  346 7540]]
val loss: 0.88062 || val accuracy: 0.7468 || val f1: 0.7468 || val precision: 0.7468 || val recall: 0.7468
[[ 157    6    2    3   10   16   11    3    2    1]
 [   4  110    1   24    7   45    1    1    3    6]
 [  13   10  887   41    3   54   22   23    4  192]
 [   0   10    5  653    4   26    6    6    0    1]
 [   6    1    0    0   56    7    0    0    0    0]
 [   9   13    1   29   18  354    1    2    3    2]
 [  11    0    2   14    0   65  462   11   74   78]
 [   3    6    0    2    0   21   10   93   12   16]
 [  13   10    0    3    2   60   53   10 1067  117]
 [  25   19   48    5    2   61  116   43  308 1700]]

checkpoint name: r2plus1d_multiclass_6_0.0001 
train loss: 0.20158 || train accuracy: 0.93505 || train f1: 0.93505 || train precision: 0.93505 || train recall: 0.93505
[[ 622    3    3    1   14   16   17    1    4   21]
 [   4  620    1   25   13   48    4    4    9   15]
 [   0    1 3976   13    0    4   11    1    0   95]
 [   0   21   26 2350    0   25    9    3    1   13]
 [  27   18    0    1  257   11    0    0    3    2]
 [   6   41    7   38   15 1550    8    9    9    9]
 [   8    3    9    5    0    6 2513    8   74   94]
 [   4    0    2    1    0   11   14  401   19   29]
 [   6   10    0    0    2    5   67   15 4205  222]
 [   5   12   93   12    0    6   80   14  220 7780]]
val loss: 0.79645 || val accuracy: 0.77174 || val f1: 0.77174 || val precision: 0.77174 || val recall: 0.77174
[[ 127    6    5    1   29    9   10   15    3    6]
 [   3   89    4   39   11   39    1    3    6    7]
 [   6    4 1044    7    6    6   21   15    2  138]
 [   1    8   32  633    0   18   10    6    0    3]
 [   0    1    1    2   55   11    0    0    0    0]
 [   5   11   12   40   11  325    8    6    6    8]
 [   9    1   13    5    0   19  491   29   71   79]
 [   1    3    4    4    0    4    5  118   10   14]
 [   8    2    0    3    3   26   59   30 1032  172]
 [  12   11  120    7    2   14   77   50  224 1810]]

============================== Base_model: r2plus1d_multiclass ==============================
arguments: Namespace(device='cpu', batch_size=2, epochs=2, lr=3e-05, start_epoch=4, layers=['layer3', 'layer4', 'fc'], resume='model_checkpoints/r2plus1d_v3/best.pt', num_workers=0, annotation_path='dataset/annotation_dict.json', augmented_path='dataset/augmented_annotation_dict.json', video_dir='dataset/examples/', augmented_dir='dataset/augmented-examples/', model_dir='model_checkpoints/r2plus1d_v3/', history_path='histories/history_r2plus1d_v3.txt', save_best_only=False, accum_steps=2, early_stop_patience=5, fc_dropout=0.3, weight_decay=0.0001, label_smoothing=0.05, best_metric='macro_f1', no_freeze_bn=False, no_class_weights=False, base_model_name='r2plus1d_multiclass', model_path='model_checkpoints/r2plus1d_v3/')

============================== Base_model: r2plus1d_multiclass ==============================
arguments: Namespace(device='mps', batch_size=2, epochs=20, lr=0.0001, start_epoch=4, layers=['layer3', 'layer4', 'fc'], resume='model_checkpoints/r2plus1d_v3/best.pt', num_workers=0, annotation_path='dataset/annotation_dict.json', augmented_path='dataset/augmented_annotation_dict.json', video_dir='dataset/examples/', augmented_dir='dataset/augmented-examples/', model_dir='model_checkpoints/r2plus1d_v3/', history_path='histories/history_r2plus1d_v3.txt', save_best_only=False, accum_steps=4, early_stop_patience=3, fc_dropout=0.3, weight_decay=0.0001, label_smoothing=0.05, best_metric='macro_f1', no_freeze_bn=False, no_class_weights=False, base_model_name='r2plus1d_multiclass', model_path='model_checkpoints/r2plus1d_v3/')

checkpoint name: r2plus1d_multiclass_4_0.0001 
train loss: 0.89448 || train accuracy: 0.84649 || train f1: 0.84649 || train precision: 0.84649 || train recall: 0.84649
[[ 528   13   13    2   49   18   32    8   15   24]
 [  11  485   10   73   23   80    8    7   21   25]
 [  13    7 3750   17    1    8   40   14    9  242]
 [   2   43   63 2217    5   57   14    9   10   28]
 [  76   27    3    6  160   31    2    0    8    6]
 [  27   77   26   86   29 1345   17   21   39   25]
 [  26    1   20   18    0    7 2216   21  177  234]
 [   2    3    7    6    0    6   24  298   62   73]
 [  11   11    5    7    4   14  148   39 3826  467]
 [  24   10  225   19    1   20  211   70  492 7150]]
val loss: 1.13975 || val accuracy: 0.74167 || val f1: 0.74167 || val precision: 0.74167 || val recall: 0.74167
[[ 148    1    5    0    5    0   33    1    7   11]
 [   2  100    8   26    2   15    8    0   14   27]
 [   6    3  945    2    0    0   40    0    5  248]
 [   0    9   48  580    0   11   35    1    5   22]
 [  18    8    0    1   37    3    0    0    1    2]
 [  22   39   15   27   10  239   25    2   27   26]
 [   6    0    2    1    0    2  564    0   88   54]
 [   2    2    2    0    0    1   43   47   44   22]
 [   3    2    0    1    2    0   76    0 1169   82]
 [   9    2   43    0    0    0  162    1  438 1672]] || macro-F1: 0.67696 || bal-acc: 0.65198 || train-macro-F1: 0.77360

checkpoint name: r2plus1d_multiclass_5_0.0001 
train loss: 0.74073 || train accuracy: 0.90351 || train f1: 0.90351 || train precision: 0.90351 || train recall: 0.90351
[[ 601    6    5    0   36   15   15    3    4   17]
 [  10  593    6   36   18   49    4    6    8   13]
 [   4    2 3920   11    0   11   15    3    1  134]
 [   1   24   20 2329    2   37   13    4    2   16]
 [  43   23    0    2  234   12    0    0    2    3]
 [  15   51    9   56   19 1502   10   10   10   10]
 [  20    3   11   13    1    4 2392   10  113  153]
 [   2    1    4    3    0    5   15  385   24   42]
 [   6    1    1    4    1    4   97   26 4034  358]
 [  13    8  152   11    1   15  168   35  354 7465]]
val loss: 1.15013 || val accuracy: 0.74922 || val f1: 0.74922 || val precision: 0.74922 || val recall: 0.74922
[[ 131    2    4    0    0    1   39    0   18   16]
 [   2   96    3   24    2   17    7    0   23   28]
 [   2    2  928    7    0    1   40    1    4  264]
 [   0    9   32  630    0    8   13    2    2   15]
 [  22    6    1    0   31    4    0    0    3    3]
 [  22   41    6   39    5  247    9    0   39   24]
 [   2    0    2    4    0    2  445    0  185   77]
 [   1    2    0    0    0    1   25   55   47   32]
 [   3    0    0    1    1    0   18    1 1211  100]
 [   4    0   35    4    0    0   89    3  409 1783]] || macro-F1: 0.67853 || bal-acc: 0.63712 || train-macro-F1: 0.86779

checkpoint name: r2plus1d_multiclass_6_0.0001 
train loss: 0.65231 || train accuracy: 0.93567 || train f1: 0.93567 || train precision: 0.93567 || train recall: 0.93567
[[ 642    0    4    0   19    7   11    2    8    9]
 [   3  670    2   28    7   22    1    2    5    3]
 [   1    2 3970    7    1    3   10    2    0  105]
 [   1   18   17 2360    1   24    9    4    3   11]
 [  27   13    0    2  258   13    0    0    4    2]
 [   7   24    6   29   16 1583    2   10    6    9]
 [  10    4    8    7    0    7 2508    5   79   92]
 [   0    1    4    0    0    8    6  415   14   33]
 [   4    7    0    1    1    4   73   22 4170  250]
 [   6    7  105    5    0    9  109   23  244 7714]]
val loss: 1.09433 || val accuracy: 0.77471 || val f1: 0.77471 || val precision: 0.77471 || val recall: 0.77471
[[ 118   11   10    1   15   23   19    0    4   10]
 [   1  138    2   15    1   36    0    0    1    8]
 [   0   14 1086   34    0   18    8    0    2   87]
 [   0   16    9  654    0   29    2    0    0    1]
 [   6    9    0    0   44   11    0    0    0    0]
 [   3   26    4   25    5  353    4    1    5    6]
 [   5   11   22   22    0   18  455    0   69  115]
 [   1    7    5   18    0   14   12   42   27   37]
 [   2   10    5    8    2   14   35    6  963  290]
 [   4   25  152   37    0   34   45    3  134 1893]] || macro-F1: 0.69772 || bal-acc: 0.69045 || train-macro-F1: 0.91534

============================== Base_model: r2plus1d_multiclass ==============================
arguments: Namespace(device='mps', batch_size=2, epochs=25, lr=3e-05, start_epoch=1, layers=['layer3', 'layer4', 'fc'], progressive_unfreeze=True, unfreeze_after_epochs=2, resume=None, num_workers=0, annotation_path='dataset/annotation_dict.json', augmented_path='dataset/augmented_annotation_dict.json', video_dir='dataset/examples/', augmented_dir='dataset/augmented-examples/', model_dir='model_checkpoints/r2plus1d_v4', history_path='histories/history_r2plus1d_v3.txt', save_best_only=False, accum_steps=4, early_stop_patience=5, fc_dropout=0.3, weight_decay=0.0001, label_smoothing=0.05, best_metric='macro_f1', no_freeze_bn=False, no_class_weights=False, use_augmentation=True, force_resplit=True, no_sampler=False, model_path='model_checkpoints/r2plus1d_v4', base_model_name='r2plus1d_multiclass')

checkpoint name: r2plus1d_multiclass_1_3e-05 
train loss: 2.58893 || train accuracy: 0.21128 || train f1: 0.21128 || train precision: 0.21128 || train recall: 0.21128
[[1056  155   68  129  499  115   99  333   92   25]
 [ 262  404  142  284  464  233  142  392  132   21]
 [ 301  354  247  408  420  230  159  475   69   19]
 [ 162  377  202  621  307  299  179  379   84   26]
 [ 345  214   81  127 1194  150   52  271   94   38]
 [ 254  364   97  362  431  345  181  412  200   25]
 [ 281  293  121  332  298  284  251  532  152   33]
 [ 326  220   98  190  429  172  182  785   92   24]
 [ 251  269   65  164  544  262  143  363  544   45]
 [ 330  317   89  218  580  268  122  434  222   39]]
val loss: 2.37647 || val accuracy: 0.17193 || val f1: 0.17193 || val precision: 0.17193 || val recall: 0.17193
[[  96    1   10    1   66    2    0   15    8    0]
 [  29    6   19   16   94    9    0   18   23    0]
 [ 153   15  267   72  530   16    4  101   25    1]
 [  56   13  125  102  243   44    9   79   25    1]
 [   9    0    0    0   70    0    0    3    3    0]
 [  38    7   19   30  211   35    2   41   88    1]
 [ 111   13   57   81  144   65   30  155  113    3]
 [  15    3    6    4   53    6    1   35   19    0]
 [ 113    8    8   12  388   66    7   73  614    8]
 [ 314   41   71   71 1101   98    7  226  400   19]] || macro-F1: 0.14666 || bal-acc: 0.25468 || train-macro-F1: 0.19210

checkpoint name: r2plus1d_multiclass_2_3e-05 
train loss: 1.91998 || train accuracy: 0.30444 || train f1: 0.30444 || train precision: 0.30444 || train recall: 0.30444
[[1310  141   97   96  461   71  119  301   53   12]
 [ 244  520  150  346  353  246  155  404  139   30]
 [ 315  345  413  488  319  145  120  441   30   15]
 [ 130  384  251  720  170  232  185  392   84    9]
 [ 279  155   56   65 1729   64   21  198   61   11]
 [ 202  367   99  302  290  402  228  356  268   19]
 [ 233  252   84  383  145  245  462  553  234   16]
 [ 265  181   48  174  198  108  168 1357  105   20]
 [ 122  199   16   74  264  300  224  385  938   42]
 [ 250  379   68  174  386  272  172  459  349   54]]
val loss: 2.2518 || val accuracy: 0.20216 || val f1: 0.20216 || val precision: 0.20216 || val recall: 0.20216
[[118  10   6   0  37   4   0  21   3   0]
 [ 31  66  13   9  50   6   0  29  10   0]
 [189 195 270  77 207  14   4 202  22   4]
 [ 62 177  97  73  53  30   9 168  28   0]
 [  4   1   1   0  73   0   0   4   1   1]
 [ 52  92  16  16  84  44   7  98  62   1]
 [104  90  19  44  52  45  46 269  95   8]
 [  9   5   1   0  13   1   1  96  14   2]
 [ 63  75   1   3 159  52  26 237 667  14]
 [291 375  45  15 536  73  17 543 408  45]] || macro-F1: 0.17811 || bal-acc: 0.34553 || train-macro-F1: 0.27727

checkpoint name: r2plus1d_multiclass_3_3e-05 
train loss: 1.67927 || train accuracy: 0.40649 || train f1: 0.40649 || train precision: 0.40649 || train recall: 0.40649
[[1756  133   77   85  301   55   61  155   37   16]
 [ 199  849  154  340  218  224  125  278   98   42]
 [ 288  340  671  553  210  122   89  324   31   30]
 [ 108  353  338  981  104  223  176  275   65   19]
 [ 159  119   37   42 2030   51    6   80   22    7]
 [ 235  417  108  278  217  525  211  292  280   25]
 [ 200  230   79  327   72  250  594  513  266   39]
 [ 143  101   40  114   89   67  109 1885   94   22]
 [ 103  166   14   54  117  277  224  325 1126   86]
 [ 227  392   99  157  261  286  227  446  363  138]]
val loss: 2.1279 || val accuracy: 0.27233 || val f1: 0.27233 || val precision: 0.27233 || val recall: 0.27233
[[121  10   9   1  20   7   0  24   7   0]
 [ 16  88  16  13  20   7   1  41  12   0]
 [ 90 218 391 116 103  14   1 212  27  12]
 [ 21 161 115 164  29  28   9 137  31   2]
 [  6   4   0   0  70   0   0   2   2   1]
 [ 36  95  21  22  43  72   1  94  82   6]
 [ 50  79  15  61  26  59  45 279 147  11]
 [  0   5   3   1   0   1   0 119  10   3]
 [ 31  77   3   9  49  58   7 201 836  26]
 [160 464  59  61 183  93   9 672 535 112]] || macro-F1: 0.24525 || bal-acc: 0.41494 || train-macro-F1: 0.37716

checkpoint name: r2plus1d_multiclass_4_3e-05 
train loss: 1.543 || train accuracy: 0.46064 || train f1: 0.46064 || train precision: 0.46064 || train recall: 0.46064
[[1860  110   71   50  225   50   71  121   41   21]
 [ 173 1097  165  344  161  206  120  183   74   45]
 [ 219  370  803  539  136  114   85  238   37   44]
 [  88  408  382 1131   88  171  190  218   40   25]
 [  96   84   19   20 2263   54   11   29   17    6]
 [ 192  507   87  277  224  579  208  219  251   52]
 [ 192  238   85  273   61  225  702  439  285   63]
 [  99   64   34   97   43   45   93 1937   66   17]
 [  96  153    9   45  116  259  216  250 1361   92]
 [ 220  432   98  206  194  258  209  351  406  228]]
val loss: 1.97718 || val accuracy: 0.33536 || val f1: 0.33536 || val precision: 0.33536 || val recall: 0.33536
[[136   4   5   1  18   5   5  15   6   4]
 [ 26  66  17  15  20  13   5  23  23   6]
 [ 98 165 432 117 105  24  20 133  43  47]
 [ 32 114 107 169  34  30  64  90  46  11]
 [  5   2   0   0  74   0   0   0   2   2]
 [ 39  62  22  12  53  69  43  53 110   9]
 [ 64  39  16  32  23  29 202 137 206  24]
 [  4   1   1   0   3   0   5 103  21   4]
 [ 35  39   2   4  47  36  35  71 998  30]
 [171 246  67  59 243  78  79 385 784 236]] || macro-F1: 0.28844 || bal-acc: 0.44729 || train-macro-F1: 0.43403

checkpoint name: r2plus1d_multiclass_5_3e-05 
train loss: 1.43036 || train accuracy: 0.50639 || train f1: 0.50639 || train precision: 0.50639 || train recall: 0.50639
[[1938  119   94   43  138   66   58   81   21   26]
 [ 126 1382  156  255  115  218   92  160   73   59]
 [ 200  384  980  521  109  113   87  174   28   62]
 [  58  428  399 1125   59  173  163  161   43   33]
 [  54   62    8   14 2343   25    2   17   22    4]
 [ 172  476  120  211  174  810  194  166  214   59]
 [ 163  196  100  227   46  241  821  370  298   70]
 [  58   68   28   71   22   38   75 2186   51   30]
 [  72  145   18   40   76  262  281  208 1313  116]
 [ 198  441  147  189  170  282  236  305  390  251]]
val loss: 1.95532 || val accuracy: 0.33738 || val f1: 0.33738 || val precision: 0.33738 || val recall: 0.33738
[[159   4   6   2   3   2   3  13   6   1]
 [ 28  98   9  21   7  24   2  14  10   1]
 [136 150 418 216  39  46   8 126  28  17]
 [ 41 113  80 263  12  62  17  84  22   3]
 [  6   1   0   0  76   0   0   1   0   1]
 [ 49  74  21  20  30 138  22  48  61   9]
 [ 73  42  16  54  15 100 163 164 124  21]
 [  2   2   0   1   0   0   4 123   7   3]
 [ 42  39   3   5  37 112  53 125 855  26]
 [234 321  93  86 114 209  60 465 559 207]] || macro-F1: 0.31729 || bal-acc: 0.49985 || train-macro-F1: 0.48237

checkpoint name: r2plus1d_multiclass_6_3e-05 
train loss: 1.33078 || train accuracy: 0.54506 || train f1: 0.54506 || train precision: 0.54506 || train recall: 0.54506
[[2099   99   84   29   81   52   55   52   24   12]
 [  83 1493  131  237   70  243   87  118   60   36]
 [ 178  396 1057  485   90  118   97  151   31   83]
 [  57  350  424 1129   42  190  162  149   42   44]
 [  34   35    7    8 2465   25    6   14    2    3]
 [ 152  439  121  201  155  949  245  124  179   58]
 [ 146  175  103  236   36  235 1001  318  319   91]
 [  35   52   28   44   12   35   69 2277   46   23]
 [  57  163   19   38   69  212  295  179 1379  142]
 [ 176  384  166  159  121  240  271  262  407  304]]
val loss: 1.76006 || val accuracy: 0.4336 || val f1: 0.4336 || val precision: 0.4336 || val recall: 0.4336
[[164   0  14   1   3   8   4   2   1   2]
 [ 20 100  24  19   7  24   2   4   6   8]
 [ 80  95 641 112  46  51   8  47  17  87]
 [ 22  73 169 254  10  61  37  31  14  26]
 [  6   0   1   0  76   0   0   0   0   2]
 [ 39  62  40  17  30 189  18   8  47  22]
 [ 85  29  41  51  15  83 234  65 113  56]
 [  3   2   2   0   1   2   5 111   9   7]
 [ 41  26   7  11  23  99  77  61 850 102]
 [238 227 200  85  90 167  98 179 470 594]] || macro-F1: 0.39688 || bal-acc: 0.54849 || train-macro-F1: 0.52192

checkpoint name: r2plus1d_multiclass_7_3e-05 
train loss: 1.2554 || train accuracy: 0.57783 || train f1: 0.57783 || train precision: 0.57783 || train recall: 0.57783
[[2273   78   46   17   43   43   61   37   25   19]
 [  72 1593  141  251   52  206   84   75   41   49]
 [ 157  316 1105  440   72  114   82  148   25  108]
 [  47  326  377 1281   34  183  154   95   46   39]
 [  24   26    3    8 2379   17    5    4    8    4]
 [ 127  470  133  208  103 1114  190  112  160   80]
 [ 153  156  104  254   31  216 1058  249  316   90]
 [  25   50   22   30    6   36   53 2294   43   14]
 [  71  143   18   38   41  252  296  152 1505  154]
 [ 154  367  176  193   95  253  230  230  466  402]]
val loss: 1.7832 || val accuracy: 0.40945 || val f1: 0.40945 || val precision: 0.40945 || val recall: 0.40945
[[157  12  10   4   2   4   5   1   3   1]
 [  7 133  16  23   4  15   1   4   8   3]
 [ 54 175 580 158  45  48  18  45  21  40]
 [ 11 125 131 270  13  63  30  30  14  10]
 [  2   3   0   0  79   1   0   0   0   0]
 [ 27 113  32  25  29 158  16   8  51  13]
 [ 48  63  23  63  11  75 274  70 114  31]
 [  1   2   1   1   0   0   4 121   7   5]
 [ 25  74   6  18  25  66  91  57 880  55]
 [140 420 162 120  89 129 129 205 572 382]] || macro-F1: 0.39409 || bal-acc: 0.56001 || train-macro-F1: 0.55963

checkpoint name: r2plus1d_multiclass_8_3e-05 
train loss: 1.16506 || train accuracy: 0.61846 || train f1: 0.61846 || train precision: 0.61846 || train recall: 0.61846
[[2310   46   44   24   33   28   36   17   10   17]
 [  49 1799  116  205   28  209   57   45   32   52]
 [ 138  283 1207  446   54  132   85  106   30  119]
 [  45  318  345 1474   29  130  158   86   39   47]
 [  13   15    3    2 2519    9    2    2    5    5]
 [ 110  414  144  199   93 1168  172   82  139   71]
 [ 139  127   99  239   36  206 1208  216  265  109]
 [  10   32   19   23    7   16   53 2329   30   14]
 [  49  120   25   31   43  188  278  134 1510  167]
 [ 149  346  220  195   63  209  291  202  439  535]]
val loss: 1.71701 || val accuracy: 0.44791 || val f1: 0.44791 || val precision: 0.44791 || val recall: 0.44791
[[173   2   7   0   0   2   6   5   3   1]
 [ 25  92   8  16   3  24   4   8  15  19]
 [108  78 500 140  27  44  34 100  26 127]
 [ 34  38 101 285   5  50  69  59  29  27]
 [  7   0   0   0  77   0   0   0   0   1]
 [ 51  46  19  16  14 187  36  17  61  25]
 [ 62  16  15  33  10  38 332  77 129  60]
 [  2   0   0   0   1   0   6 122   5   6]
 [ 23  20   1   6  17  47 107  59 944  73]
 [171 147  78  80  61 103 185 241 675 607]] || macro-F1: 0.42407 || bal-acc: 0.57081 || train-macro-F1: 0.60281

checkpoint name: r2plus1d_multiclass_9_3e-05 
train loss: 1.0943 || train accuracy: 0.64908 || train f1: 0.64908 || train precision: 0.64908 || train recall: 0.64908
[[2439   31   37   18   24   24   36   24    5   16]
 [  18 1900  104  136   27  196   45   36   28   39]
 [ 110  242 1409  409   47  117   75   97   25  136]
 [  25  236  390 1468   24  160  159   55   36   44]
 [  15   13    4    3 2487    8    2    1    2    4]
 [  81  377  139  183   65 1299  172   65  133   82]
 [ 126  106  108  205   31  179 1256  189  277  104]
 [  13   26   18   19    5   17   45 2457   23   15]
 [  61  118   17   42   31  176  253  148 1530  181]
 [ 113  265  246  174   56  207  273  199  466  609]]
val loss: 1.71346 || val accuracy: 0.43576 || val f1: 0.43576 || val precision: 0.43576 || val recall: 0.43576
[[165   8   5   4   1   4   7   2   1   2]
 [  7 155   6  25   1  15   2   2   1   0]
 [ 34 178 449 326   9  76  14  35   6  57]
 [  9 122  49 407   2  53  30  13   6   6]
 [  4   1   0   1  77   2   0   0   0   0]
 [ 13 122  14  30   6 238  20   2  15  12]
 [ 44  57  21  88   5  74 329  59  57  38]
 [  1   2   0   0   0   2   3 126   2   6]
 [ 24  84   5  18  14 127 137  47 736 105]
 [113 423 132 184  37 251 170 152 339 547]] || macro-F1: 0.45429 || bal-acc: 0.60406 || train-macro-F1: 0.63381

checkpoint name: r2plus1d_multiclass_10_3e-05 
train loss: 1.03581 || train accuracy: 0.6738 || train f1: 0.6738 || train precision: 0.6738 || train recall: 0.6738
[[2513   25   34    8   18   16   25   11   15   10]
 [  20 2049   83  123   21  167   34   35   19   32]
 [  79  221 1342  422   24  129   74   85   18  144]
 [  23  222  344 1581   17  145  161   50   31   66]
 [   5    8    0    2 2464    8    3    1    0    1]
 [  55  316  130  153   62 1481  162   64  121   67]
 [ 119   94  109  184   23  174 1322  157  278  146]
 [   5   10   15   13    4   13   25 2479   29   13]
 [  55   95   18   36   14  177  290  115 1630  199]
 [ 102  251  224  196   62  212  285  159  460  635]]
val loss: 1.54237 || val accuracy: 0.51916 || val f1: 0.51916 || val precision: 0.51916 || val recall: 0.51916
[[164   5  10   0   2   2  13   0   2   1]
 [  5 138  11  19   1  30   1   2   2   5]
 [ 36  42 671 180  18  57  33  19  13 115]
 [  8  43 131 349   5  69  51   6  12  23]
 [  3   2   1   0  77   0   0   0   1   1]
 [ 16  47  32  19  15 258  29   3  25  28]
 [ 24  19  27  43   8  58 425  29  86  53]
 [  0   0   0   0   1   0  15 114   6   6]
 [ 14  28   3  14  13  85 165  22 848 105]
 [ 84 133 179 141  36 140 280  59 493 803]] || macro-F1: 0.52309 || bal-acc: 0.63381 || train-macro-F1: 0.65963

checkpoint name: r2plus1d_multiclass_11_3e-05 
train loss: 0.97262 || train accuracy: 0.70404 || train f1: 0.70404 || train precision: 0.70404 || train recall: 0.70404
[[2510   15   24    7    9   14   22   14    8    6]
 [  18 2215   59   97   12  151   30   16   20   31]
 [  70  170 1402  395   37  137   70   75   31  148]
 [  17  186  311 1597   11  163  133   37   25   67]
 [   7    6    2    4 2547    7    3    2    0    3]
 [  42  286  122  149   46 1589  102   57   87   67]
 [ 109   93   99  185   22  146 1416  170  230  149]
 [  12   16   11   10    1    8   32 2527   15    7]
 [  46   87   17   37   22  132  254  103 1636  213]
 [ 108  229  246  156   57  175  289  134  437  842]]
val loss: 1.52735 || val accuracy: 0.52753 || val f1: 0.52753 || val precision: 0.52753 || val recall: 0.52753
[[161   5   9   5   1   6   4   2   3   3]
 [  5 143  10  17   0  20   5   2   3   9]
 [ 18  48 615 238  12  30  41  40  15 127]
 [  3  31  89 427   4  34  59   9  21  20]
 [  4   2   1   0  77   0   0   0   0   1]
 [  8  51  29  24  11 258  30   8  33  20]
 [ 24  16  28  51   5  35 416  40  88  69]
 [  0   0   0   0   0   0   6 122   7   7]
 [ 13  21   4  11  15  49 134  37 928  85]
 [ 49 111 159 170  30 107 239 142 579 762]] || macro-F1: 0.53635 || bal-acc: 0.64999 || train-macro-F1: 0.69180

checkpoint name: r2plus1d_multiclass_12_3e-05 
train loss: 0.93465 || train accuracy: 0.72283 || train f1: 0.72283 || train precision: 0.72283 || train recall: 0.72283
[[2498   18   17    5   10   15   28   11    9    8]
 [  17 2274   49   90    4  123   23   19   11   21]
 [  80  147 1590  355   27  112   82   80   24  161]
 [  16  166  334 1621   16  128  141   17   35   49]
 [   1    7    0    2 2562    5    1    1    1    1]
 [  44  251   93  134   35 1695  104   17   95   58]
 [  80   87   93  173   24  120 1421  134  238  141]
 [   2   13   19    7    2    8   26 2451   16   10]
 [  43   88   20   36   16  140  258   93 1820  214]
 [  92  208  246  145   44  188  255  129  491  837]]
val loss: 1.54879 || val accuracy: 0.52659 || val f1: 0.52659 || val precision: 0.52659 || val recall: 0.52659
[[ 165    7   11    2    1    2    2    3    5    1]
 [   5  167   12    1    0   11    0    5    6    7]
 [  24   86  687  100   29   24    9   46   18  161]
 [   8   83  140  295    4   31   28   22   30   56]
 [   3    3    0    0   78    0    1    0    0    0]
 [   8  118   38    6   13  204    5    5   51   24]
 [  35   39   28   24    6   37  254   73  187   89]
 [   2    1    0    0    0    0    3  122   10    4]
 [  13   34    7    4   10   30   37   34 1049   79]
 [  67  166  146   49   39   45   61  155  739  881]] || macro-F1: 0.51003 || bal-acc: 0.63350 || train-macro-F1: 0.71196

checkpoint name: r2plus1d_multiclass_13_3e-05 
train loss: 0.88346 || train accuracy: 0.74532 || train f1: 0.74532 || train precision: 0.74532 || train recall: 0.74532
[[2517   13   16    3    9   10   19    4    3    5]
 [  14 2373   38   65    7   97   15    9   16   22]
 [  50  142 1577  345   20  113   84   62   20  154]
 [  17  116  278 1712   14  133  130   21   25   63]
 [   4    3    1    4 2534    7    1    1    1    2]
 [  30  208  102  117   31 1877  103   33   86   42]
 [  79   50  104  179   19  139 1620   97  216  137]
 [   3   11    9    9    0    7   21 2563   11    4]
 [  37   68   19   44   19  133  234   78 1717  231]
 [  78  142  246  161   33  192  263  113  499  863]]
val loss: 1.58424 || val accuracy: 0.51161 || val f1: 0.51161 || val precision: 0.51161 || val recall: 0.51161
[[177   1   5   3   0   2   6   3   2   0]
 [  5 154  14   4   1  26   3   4   2   1]
 [ 32  44 704 151  17  87  49  34   3  63]
 [  6  34 121 361   2  80  63  17   4   9]
 [  4   2   1   0  76   0   1   0   1   0]
 [ 14  42  23   8   9 320  30   6  11   9]
 [ 39  22  32  26   6  74 451  37  52  33]
 [  2   0   0   0   0   1   6 125   3   5]
 [ 37  37  11  10  13  87 162  67 751 122]
 [130 154 237 101  30 248 311 156 309 672]] || macro-F1: 0.51531 || bal-acc: 0.66234 || train-macro-F1: 0.73466
